[标定方法]
Method = 2
[变换矩阵]
M22 = 1.00000000000000000000
M21 = 1.00000000000000000000
M20 = -92559631349317831000000000000000000000000000000000000000000000.00000000000000000000
M12 = -92559631349317831000000000000000000000000000000000000000000000.00000000000000000000
M11 = -92559631349317831000000000000000000000000000000000000000000000.00000000000000000000
M10 = -92559631349317831000000000000000000000000000000000000000000000.00000000000000000000
M02 = -92559631349317831000000000000000000000000000000000000000000000.00000000000000000000
M01 = -92559631349317831000000000000000000000000000000000000000000000.00000000000000000000
M00 = -92559631349317831000000000000000000000000000000000000000000000.00000000000000000000
[逆变换矩阵]
Mv22 = -92559631349317831000000000000000000000000000000000000000000000.00000000000000000000
Mv21 = -92559631349317831000000000000000000000000000000000000000000000.00000000000000000000
Mv20 = -92559631349317831000000000000000000000000000000000000000000000.00000000000000000000
Mv12 = -92559631349317831000000000000000000000000000000000000000000000.00000000000000000000
Mv11 = -92559631349317831000000000000000000000000000000000000000000000.00000000000000000000
Mv10 = -92559631349317831000000000000000000000000000000000000000000000.00000000000000000000
Mv02 = -92559631349317831000000000000000000000000000000000000000000000.00000000000000000000
Mv01 = -92559631349317831000000000000000000000000000000000000000000000.00000000000000000000
Mv00 = -92559631349317831000000000000000000000000000000000000000000000.00000000000000000000